r 362 12 387 132
r 263 115 451 133
r 263 68 338 124
r 249 7 296 91
r 142 3 297 34
l 491 3 491 165 10
l 296 163 556 163 10
l 556 163 559 21 10
r 196 142 220 168
r 210 156 293 169
r 144 160 203 169
r 202 69 220 147
r 143 66 196 78
r 184 69 212 79
r 143 32 151 80
r 147 27 207 56
r 203 48 241 59
r 117 49 135 179
r 118 35 130 64
r 11 19 90 28
r 12 25 20 71
r 1 61 18 71
r 564 5 659 90
r 682 89 700 134
r 580 81 644 127
r 683 99 699 156
r 652 99 668 189
r 656 135 700 186
r 638 99 700 114
r 652 22 681 91
r 667 56 700 91
l 4 108 87 108 10
l 87 108 87 145 10
l 87 145 104 145 10
l 104 145 104 192 10
l 104 192 149 192 10
l 149 192 149 168 10
r -2 135 21 166
r 11 151 20 174
r 12 162 90 173
r 63 162 90 181
r 45 203 518 220
r 45 222 67 264
r 53 244 82 262
r 51 261 61 347
r 51 328 66 385
r 2 357 700 385
r 275 350 288 395
r 80 328 96 369
r 86 331 95 276
r 556 32 629 53
r 560 47 582 91
r 351 20 385 0
r 122 37 149 78
r 17 104 35 120
