l 0 13 291 13 12
l 478 12 700 12 12
l 2 36 700 36 8
l 1 58 700 58 8
l 3 79 700 79 8
l 3 101 700 101 8
l 2 123 700 123 10
l 2 148 700 144 10
r 4 165 700 215
l 3 232 700 232 8
l 27 550 27 253 8
l 56 549 59 311 14
l 84 548 87 330 14
l 112 549 112 316 14
l 138 549 138 330 14
l 166 309 166 550 14
l 193 330 193 550 14
l 221 309 221 550 14
l 250 335 250 550 14
l 279 384 279 550 16
l 311 310 311 550 14
l 338 335 338 550 14
l 365 310 365 550 12
l 391 335 391 550 12
l 420 315 420 550 12
l 446 333 446 550 12
l 474 311 474 550 14
l 501 332 501 550 14
l 526 254 526 550 8
l 554 310 558 550 14
l 583 335 583 550 14
l 610 312 610 550 14
l 638 333 638 550 14
l 665 313 665 550 14
l 691 332 691 550 14
l 48 251 48 313 10
l 47 308 61 313 10
l 80 282 80 361 10
l 102 252 102 316 10
l 48 256 73 259 10
l 101 257 128 257 10
l 159 253 159 314 10
l 159 253 180 256 10
l 126 286 138 286 10
l 138 286 138 328 10
l 70 288 80 288 10
l 190 285 190 351 10
l 180 287 190 287 10
l 214 254 214 312 10
l 214 254 240 257 10
l 244 286 244 359 10
l 232 288 247 288 10
l 278 296 278 363 10
l 300 256 325 256 10
l 300 255 300 314 10
l 333 283 333 340 10
l 323 286 336 289 10
l 354 252 354 312 10
l 354 258 380 258 10
l 411 256 411 310 10
l 411 256 440 256 10
l 386 285 386 339 10
l 376 287 385 287 10
l 442 287 442 346 10
l 433 286 440 286 10
l 465 255 465 313 10
l 465 255 492 258 10
l 496 284 496 333 10
l 487 290 497 287 10
l 546 254 546 312 10
l 546 254 569 254 10
l 577 284 577 339 10
l 567 288 576 288 10
l 601 253 601 321 10
l 601 257 627 257 10
l 632 283 632 335 10
l 622 289 630 289 10
l 655 252 655 315 10
l 654 257 680 257 10
l 686 284 686 350 10
l 677 288 684 288 10
r 352 2 385 18
